2.2692e+00
3.1362e+00
2.7177e+00
2.6201e+00
2.6645e+00
2.5663e+00
2.6823e+00
2.1600e+00
3.1477e+00
2.4003e+00
2.3276e+00
2.1479e+00
2.4062e+00
2.1513e+00
2.9861e+00
2.4870e+00
2.8738e+00
2.6554e+00
2.1794e+00
2.6731e+00
3.5607e+00
2.6709e+00
2.7737e+00
2.2626e+00
3.4297e+00
2.2612e+00
2.7054e+00
2.3682e+00
2.4193e+00
2.6659e+00
2.4210e+00
2.2536e+00
3.0477e+00
2.5175e+00
2.1617e+00
2.5176e+00
2.4049e+00
3.1482e+00
2.3352e+00
2.3828e+00
2.4663e+00
2.4327e+00
2.5737e+00
2.9709e+00
2.4688e+00
2.5017e+00
2.8440e+00
2.8195e+00
2.6663e+00
3.2622e+00
2.2313e+00
2.6030e+00
2.6586e+00
2.3653e+00
2.3441e+00
2.4044e+00
2.2958e+00
3.5420e+00
2.8814e+00
2.9055e+00
2.7289e+00
3.5852e+00
2.4454e+00
2.4574e+00
2.4878e+00
2.2706e+00
2.2282e+00
2.9829e+00
2.2065e+00
2.7454e+00
2.6590e+00
3.1995e+00
2.9762e+00
2.4757e+00
3.0545e+00
2.9135e+00
2.6611e+00
2.4741e+00
2.2359e+00
3.0198e+00
2.3426e+00
2.5968e+00
2.6252e+00
2.6803e+00
2.4857e+00
2.5335e+00
2.2124e+00
2.2485e+00
2.7658e+00
2.7075e+00
2.6421e+00
2.3603e+00
2.2781e+00
2.7171e+00
2.8278e+00
2.9629e+00
3.0503e+00
2.5937e+00
3.2406e+00
3.4277e+00
2.3752e+00
2.8152e+00
2.7755e+00
2.3462e+00
2.5610e+00
2.8191e+00
2.1804e+00
2.6562e+00
3.3026e+00
2.2599e+00
2.4281e+00
2.7831e+00
2.4465e+00
2.6440e+00
2.5922e+00
2.9292e+00
2.6135e+00
2.5606e+00
2.4331e+00
2.9195e+00
2.4209e+00
2.9065e+00
2.5524e+00
2.4310e+00
2.2565e+00
2.3282e+00
3.1308e+00
3.0130e+00
2.5309e+00
2.8229e+00
4.4349e+00
2.3081e+00
3.3633e+00
2.4075e+00
2.7910e+00
2.2077e+00
2.6843e+00
2.7605e+00
2.5760e+00
2.8124e+00
2.3977e+00
2.8665e+00
2.4064e+00
2.4979e+00
2.2921e+00
2.6024e+00
2.1948e+00
2.6418e+00
2.4167e+00
2.5779e+00
2.5016e+00
2.5058e+00
2.4146e+00
2.5699e+00
2.8005e+00
2.2819e+00
2.6529e+00
2.5915e+00
2.1964e+00
2.4977e+00
2.3921e+00
2.5111e+00
2.4531e+00
2.2540e+00
3.1337e+00
2.5842e+00
