2.2692e-01
3.1362e-01
2.7177e-01
2.6201e-01
2.6645e-01
2.5663e-01
2.6823e-01
2.1600e-01
3.1477e-01
2.4003e-01
2.3276e-01
2.1479e-01
2.4062e-01
2.1513e-01
2.9861e-01
2.4870e-01
2.8738e-01
2.6554e-01
2.1794e-01
2.6731e-01
3.5607e-01
2.6709e-01
2.7737e-01
2.2626e-01
3.4297e-01
2.2612e-01
2.7054e-01
2.3682e-01
2.4193e-01
2.6659e-01
2.4210e-01
2.2536e-01
3.0477e-01
2.5175e-01
2.1617e-01
2.5176e-01
2.4049e-01
3.1482e-01
2.3352e-01
2.3828e-01
2.4663e-01
2.4327e-01
2.5737e-01
2.9709e-01
2.4688e-01
2.5017e-01
2.8440e-01
2.8195e-01
2.6663e-01
3.2622e-01
2.2313e-01
2.6030e-01
2.6586e-01
2.3653e-01
2.3441e-01
2.4044e-01
2.2958e-01
3.5420e-01
2.8814e-01
2.9055e-01
2.7289e-01
3.5852e-01
2.4454e-01
2.4574e-01
2.4878e-01
2.2706e-01
2.2282e-01
2.9829e-01
2.2065e-01
2.7454e-01
2.6590e-01
3.1995e-01
2.9762e-01
2.4757e-01
3.0545e-01
2.9135e-01
2.6611e-01
2.4741e-01
2.2359e-01
3.0198e-01
2.3426e-01
2.5968e-01
2.6252e-01
2.6803e-01
2.4857e-01
2.5335e-01
2.2124e-01
2.2485e-01
2.7658e-01
2.7075e-01
2.6421e-01
2.3603e-01
2.2781e-01
2.7171e-01
2.8278e-01
2.9629e-01
3.0503e-01
2.5937e-01
3.2406e-01
3.4277e-01
2.3752e-01
2.8152e-01
2.7755e-01
2.3462e-01
2.5610e-01
2.8191e-01
2.1804e-01
2.6562e-01
3.3026e-01
2.2599e-01
2.4281e-01
2.7831e-01
2.4465e-01
2.6440e-01
2.5922e-01
2.9292e-01
2.6135e-01
2.5606e-01
2.4331e-01
2.9195e-01
2.4209e-01
2.9065e-01
2.5524e-01
2.4310e-01
2.2565e-01
2.3282e-01
3.1308e-01
3.0130e-01
2.5309e-01
2.8229e-01
4.4349e-01
2.3081e-01
3.3633e-01
2.4075e-01
2.7910e-01
2.2077e-01
2.6843e-01
2.7605e-01
2.5760e-01
2.8124e-01
2.3977e-01
2.8665e-01
2.4064e-01
2.4979e-01
2.2921e-01
2.6024e-01
2.1948e-01
2.6418e-01
2.4167e-01
2.5779e-01
2.5016e-01
2.5058e-01
2.4146e-01
2.5699e-01
2.8005e-01
2.2819e-01
2.6529e-01
2.5915e-01
2.1964e-01
2.4977e-01
2.3921e-01
2.5111e-01
2.4531e-01
2.2540e-01
3.1337e-01
2.5842e-01
