1.0760e+00 2.9060e+00
1.2500e+00 2.3950e+00
1.2270e+00 2.7200e+00
1.2580e+00 2.9580e+00
1.2380e+00 2.8250e+00
1.2110e+00 2.8760e+00
1.2200e+00 2.7420e+00
1.0200e+00 2.9200e+00
1.1630e+00 2.1700e+00
1.0140e+00 2.4340e+00
1.0570e+00 2.7110e+00
1.0110e+00 2.9100e+00
1.1360e+00 2.8710e+00
1.0050e+00 2.8740e+00
1.1310e+00 2.1950e+00
1.0720e+00 2.5110e+00
1.2320e+00 2.5640e+00
1.1720e+00 2.6210e+00
1.0160e+00 2.8540e+00
1.0830e+00 2.3260e+00
1.3220e+00 2.3170e+00
1.1200e+00 2.4400e+00
1.1740e+00 2.4940e+00
1.0770e+00 2.9250e+00
1.3040e+00 2.3440e+00
1.0070e+00 2.6400e+00
1.1490e+00 2.4910e+00
1.1030e+00 2.8140e+00
1.0420e+00 2.5040e+00
1.1530e+00 2.5480e+00
1.1410e+00 2.8630e+00
1.0120e+00 2.6750e+00
1.1550e+00 2.2140e+00
1.0030e+00 2.2480e+00
1.0070e+00 2.8570e+00
1.0900e+00 2.5300e+00
1.0960e+00 2.7220e+00
1.1880e+00 2.2310e+00
1.0970e+00 2.8540e+00
1.0730e+00 2.6740e+00
1.0890e+00 2.5990e+00
1.0430e+00 2.4880e+00
1.0450e+00 2.3160e+00
1.2300e+00 2.4700e+00
1.0820e+00 2.5710e+00
1.0030e+00 2.2660e+00
1.2030e+00 2.5090e+00
1.2800e+00 2.7650e+00
1.0770e+00 2.3150e+00
1.4110e+00 2.7190e+00
1.0170e+00 2.7410e+00
1.1870e+00 2.7390e+00
1.0240e+00 2.1670e+00
1.0740e+00 2.7080e+00
1.0780e+00 2.7620e+00
1.0790e+00 2.6600e+00
1.0490e+00 2.7400e+00
1.4940e+00 2.7310e+00
1.2010e+00 2.4680e+00
1.3070e+00 2.7520e+00
1.2940e+00 2.9230e+00
1.4740e+00 2.6560e+00
1.0310e+00 2.4290e+00
1.1430e+00 2.8070e+00
1.0750e+00 2.5200e+00
1.0080e+00 2.6260e+00
1.0130e+00 2.7310e+00
1.0750e+00 2.0550e+00
1.0080e+00 2.7570e+00
1.1130e+00 2.3430e+00
1.1040e+00 2.4040e+00
1.3260e+00 2.5450e+00
1.2440e+00 2.5040e+00
1.0750e+00 2.5370e+00
1.2680e+00 2.5040e+00
1.2470e+00 2.5690e+00
1.2550e+00 2.8870e+00
1.1410e+00 2.7720e+00
1.0380e+00 2.8190e+00
1.2390e+00 2.4540e+00
1.0610e+00 2.6990e+00
1.1770e+00 2.7140e+00
1.1320e+00 2.5300e+00
1.0610e+00 2.2540e+00
1.1550e+00 2.8040e+00
1.1410e+00 2.6810e+00
1.0030e+00 2.7230e+00
1.0080e+00 2.6690e+00
1.3170e+00 2.9490e+00
1.0640e+00 2.2370e+00
1.0180e+00 2.1650e+00
1.0200e+00 2.5160e+00
1.0580e+00 2.8120e+00
1.0460e+00 2.1770e+00
1.1000e+00 2.2330e+00
1.2560e+00 2.5490e+00
1.2760e+00 2.5290e+00
1.2350e+00 2.9180e+00
1.1830e+00 2.1640e+00
1.2530e+00 2.2270e+00
1.1370e+00 2.9340e+00
1.2490e+00 2.6750e+00
1.1570e+00 2.4420e+00
1.1350e+00 2.9850e+00
1.0080e+00 2.2160e+00
1.2140e+00 2.5660e+00
1.0260e+00 2.8960e+00
1.1020e+00 2.4010e+00
1.3690e+00 2.5810e+00
1.0290e+00 2.7310e+00
1.0240e+00 2.4290e+00
1.0250e+00 2.0650e+00
1.0680e+00 2.5550e+00
1.0760e+00 2.3350e+00
1.0480e+00 2.3050e+00
1.1210e+00 2.2100e+00
1.0640e+00 2.3310e+00
1.1840e+00 2.7900e+00
1.0310e+00 2.4460e+00
1.3740e+00 2.9390e+00
1.0650e+00 2.5830e+00
1.3040e+00 2.7420e+00
1.0800e+00 2.4520e+00
1.1690e+00 2.9520e+00
1.0290e+00 2.7380e+00
1.0050e+00 2.5130e+00
1.1710e+00 2.2000e+00
1.2820e+00 2.5770e+00
1.0030e+00 2.2330e+00
1.2160e+00 2.5680e+00
1.6130e+00 2.5720e+00
1.1010e+00 2.9260e+00
1.5140e+00 2.9100e+00
1.1390e+00 2.8800e+00
1.1560e+00 2.4240e+00
1.0220e+00 2.8140e+00
1.1300e+00 2.4560e+00
1.1030e+00 2.3000e+00
1.0720e+00 2.3980e+00
1.0090e+00 2.0010e+00
1.1560e+00 2.9650e+00
1.2470e+00 2.6150e+00
1.0320e+00 2.4880e+00
1.1660e+00 2.8240e+00
1.0190e+00 2.6290e+00
1.0480e+00 2.2940e+00
1.0400e+00 2.9230e+00
1.0340e+00 2.2120e+00
1.0590e+00 2.5680e+00
1.0600e+00 2.3580e+00
1.0880e+00 2.5450e+00
1.0180e+00 2.3090e+00
1.1080e+00 2.7500e+00
1.1380e+00 2.6200e+00
1.0910e+00 2.2310e+00
1.0950e+00 2.9580e+00
1.1370e+00 2.5130e+00
1.2490e+00 2.9710e+00
1.0460e+00 2.9460e+00
1.1720e+00 2.8460e+00
1.0430e+00 2.5490e+00
1.0460e+00 2.3930e+00
1.0240e+00 2.3950e+00
1.0600e+00 2.8720e+00
1.1390e+00 2.1200e+00
1.0100e+00 2.1980e+00
