1.9755e-01
2.5934e-01
1.9100e-01
1.9767e-01
3.2504e-01
2.1353e-01
1.9847e-01
2.6139e-01
3.1038e-01
2.1614e-01
1.7577e-01
1.7089e-01
1.8300e-01
1.9805e-01
1.9161e-01
2.4695e-01
2.2115e-01
2.6551e-01
1.9548e-01
2.1505e-01
2.0296e-01
2.1780e-01
2.2980e-01
1.9704e-01
2.1730e-01
1.9875e-01
2.2083e-01
2.3020e-01
1.9846e-01
2.2148e-01
2.0808e-01
2.2268e-01
2.5625e-01
1.9094e-01
1.9198e-01
2.3022e-01
1.9855e-01
2.2099e-01
1.9408e-01
2.8810e-01
2.0989e-01
2.0584e-01
2.4521e-01
2.3295e-01
2.3018e-01
2.1383e-01
1.9833e-01
2.5139e-01
2.7448e-01
2.1709e-01
2.6998e-01
2.1296e-01
1.7651e-01
2.6664e-01
2.4340e-01
2.0711e-01
2.8771e-01
2.3469e-01
1.9399e-01
2.1416e-01
2.0301e-01
2.1503e-01
2.8412e-01
2.4312e-01
2.4329e-01
2.3461e-01
2.2486e-01
2.1614e-01
2.1550e-01
2.1903e-01
1.7833e-01
2.1696e-01
2.0624e-01
1.8167e-01
1.9759e-01
2.1167e-01
2.1981e-01
2.0152e-01
2.0171e-01
2.2397e-01
2.4014e-01
3.1165e-01
2.0739e-01
2.1733e-01
2.1963e-01
2.3357e-01
2.4972e-01
2.0824e-01
2.7607e-01
2.2345e-01
1.9316e-01
2.1098e-01
2.1392e-01
2.0354e-01
2.1915e-01
2.1205e-01
2.1682e-01
2.1023e-01
2.0680e-01
3.1866e-01
2.1036e-01
2.4320e-01
2.7462e-01
2.4365e-01
1.9843e-01
2.1739e-01
2.1963e-01
2.7602e-01
2.8558e-01
2.8162e-01
2.1838e-01
1.9514e-01
1.7857e-01
3.0206e-01
2.0071e-01
1.8621e-01
1.8139e-01
1.9318e-01
2.0763e-01
2.6242e-01
2.1114e-01
2.2939e-01
2.0041e-01
2.1363e-01
2.0975e-01
2.3727e-01
2.8060e-01
2.5744e-01
1.8705e-01
2.0733e-01
2.0292e-01
2.2015e-01
2.0704e-01
1.8028e-01
2.0519e-01
2.4946e-01
2.1620e-01
2.0007e-01
2.1006e-01
2.0170e-01
2.2425e-01
2.3562e-01
2.1911e-01
2.5078e-01
2.6506e-01
2.4218e-01
2.8753e-01
1.9865e-01
1.8761e-01
2.1698e-01
2.1185e-01
2.2888e-01
2.7128e-01
2.3660e-01
2.1312e-01
1.8552e-01
2.3651e-01
2.0085e-01
2.8816e-01
2.4230e-01
2.5897e-01
2.1977e-01
1.9501e-01
2.3266e-01
2.1102e-01
1.8489e-01
2.2182e-01
3.2605e-01
2.1156e-01
2.3791e-01
2.8063e-01
2.3321e-01
1.7717e-01
2.3492e-01
2.0506e-01
2.3869e-01
1.9811e-01
2.3583e-01
2.3528e-01
2.2838e-01
1.9379e-01
2.4057e-01
2.1392e-01
2.0714e-01
2.0706e-01
2.0125e-01
2.0872e-01
2.2334e-01
2.1434e-01
1.9671e-01
2.2394e-01
2.2317e-01
2.2395e-01
2.2666e-01
2.0801e-01
2.1684e-01
2.2166e-01
2.0930e-01
2.2276e-01
