1.9755e+00
2.5934e+00
1.9100e+00
1.9767e+00
3.2504e+00
2.1353e+00
1.9847e+00
2.6139e+00
3.1038e+00
2.1614e+00
1.7577e+00
1.7089e+00
1.8300e+00
1.9805e+00
1.9161e+00
2.4695e+00
2.2115e+00
2.6551e+00
1.9548e+00
2.1505e+00
2.0296e+00
2.1780e+00
2.2980e+00
1.9704e+00
2.1730e+00
1.9875e+00
2.2083e+00
2.3020e+00
1.9846e+00
2.2148e+00
2.0808e+00
2.2268e+00
2.5625e+00
1.9094e+00
1.9198e+00
2.3022e+00
1.9855e+00
2.2099e+00
1.9408e+00
2.8810e+00
2.0989e+00
2.0584e+00
2.4521e+00
2.3295e+00
2.3018e+00
2.1383e+00
1.9833e+00
2.5139e+00
2.7448e+00
2.1709e+00
2.6998e+00
2.1296e+00
1.7651e+00
2.6664e+00
2.4340e+00
2.0711e+00
2.8771e+00
2.3469e+00
1.9399e+00
2.1416e+00
2.0301e+00
2.1503e+00
2.8412e+00
2.4312e+00
2.4329e+00
2.3461e+00
2.2486e+00
2.1614e+00
2.1550e+00
2.1903e+00
1.7833e+00
2.1696e+00
2.0624e+00
1.8167e+00
1.9759e+00
2.1167e+00
2.1981e+00
2.0152e+00
2.0171e+00
2.2397e+00
2.4014e+00
3.1165e+00
2.0739e+00
2.1733e+00
2.1963e+00
2.3357e+00
2.4972e+00
2.0824e+00
2.7607e+00
2.2345e+00
1.9316e+00
2.1098e+00
2.1392e+00
2.0354e+00
2.1915e+00
2.1205e+00
2.1682e+00
2.1023e+00
2.0680e+00
3.1866e+00
2.1036e+00
2.4320e+00
2.7462e+00
2.4365e+00
1.9843e+00
2.1739e+00
2.1963e+00
2.7602e+00
2.8558e+00
2.8162e+00
2.1838e+00
1.9514e+00
1.7857e+00
3.0206e+00
2.0071e+00
1.8621e+00
1.8139e+00
1.9318e+00
2.0763e+00
2.6242e+00
2.1114e+00
2.2939e+00
2.0041e+00
2.1363e+00
2.0975e+00
2.3727e+00
2.8060e+00
2.5744e+00
1.8705e+00
2.0733e+00
2.0292e+00
2.2015e+00
2.0704e+00
1.8028e+00
2.0519e+00
2.4946e+00
2.1620e+00
2.0007e+00
2.1006e+00
2.0170e+00
2.2425e+00
2.3562e+00
2.1911e+00
2.5078e+00
2.6506e+00
2.4218e+00
2.8753e+00
1.9865e+00
1.8761e+00
2.1698e+00
2.1185e+00
2.2888e+00
2.7128e+00
2.3660e+00
2.1312e+00
1.8552e+00
2.3651e+00
2.0085e+00
2.8816e+00
2.4230e+00
2.5897e+00
2.1977e+00
1.9501e+00
2.3266e+00
2.1102e+00
1.8489e+00
2.2182e+00
3.2605e+00
2.1156e+00
2.3791e+00
2.8063e+00
2.3321e+00
1.7717e+00
2.3492e+00
2.0506e+00
2.3869e+00
1.9811e+00
2.3583e+00
2.3528e+00
2.2838e+00
1.9379e+00
2.4057e+00
2.1392e+00
2.0714e+00
2.0706e+00
2.0125e+00
2.0872e+00
2.2334e+00
2.1434e+00
1.9671e+00
2.2394e+00
2.2317e+00
2.2395e+00
2.2666e+00
2.0801e+00
2.1684e+00
2.2166e+00
2.0930e+00
2.2276e+00
