1.0230e+00 3.5640e+00
1.6940e+00 4.8440e+00
1.0510e+00 4.1020e+00
1.0380e+00 3.6520e+00
1.7740e+00 3.7740e+00
1.1090e+00 3.4270e+00
1.0730e+00 3.8370e+00
1.4490e+00 3.6890e+00
1.4770e+00 3.0450e+00
1.1480e+00 3.5420e+00
1.0190e+00 5.1050e+00
1.0550e+00 6.2450e+00
1.1030e+00 5.1970e+00
1.1140e+00 4.1350e+00
1.0200e+00 3.8430e+00
1.2360e+00 3.1390e+00
1.2670e+00 4.0000e+00
1.6130e+00 4.2810e+00
1.0730e+00 3.9950e+00
1.0830e+00 3.2460e+00
1.1590e+00 4.1720e+00
1.0760e+00 3.1320e+00
1.1640e+00 3.2190e+00
1.0800e+00 3.9580e+00
1.0590e+00 3.0660e+00
1.0270e+00 3.5350e+00
1.2700e+00 4.0290e+00
1.1330e+00 3.0740e+00
1.2560e+00 5.1970e+00
1.3220e+00 4.2990e+00
1.0840e+00 3.4870e+00
1.1270e+00 3.2370e+00
1.5560e+00 4.2810e+00
1.0030e+00 3.7620e+00
1.1480e+00 4.8010e+00
1.4740e+00 4.8050e+00
1.0920e+00 3.9580e+00
1.3260e+00 4.3440e+00
1.0860e+00 4.1690e+00
1.4190e+00 3.1280e+00
1.0890e+00 3.4480e+00
1.1710e+00 4.1020e+00
1.2110e+00 3.0750e+00
1.2120e+00 3.3530e+00
1.4160e+00 4.4700e+00
1.0850e+00 3.2940e+00
1.1090e+00 4.0850e+00
1.2630e+00 3.1580e+00
1.3730e+00 3.1670e+00
1.0720e+00 3.1330e+00
1.5590e+00 3.9450e+00
1.0300e+00 3.0490e+00
1.0610e+00 5.4870e+00
1.6170e+00 4.2690e+00
1.2070e+00 3.0950e+00
1.0660e+00 3.4240e+00
1.8650e+00 4.7890e+00
1.2080e+00 3.2920e+00
1.0280e+00 3.7690e+00
1.1670e+00 3.7160e+00
1.0970e+00 3.7720e+00
1.1860e+00 3.7880e+00
1.4660e+00 3.3400e+00
1.2260e+00 3.1770e+00
1.5470e+00 4.6670e+00
1.2500e+00 3.4810e+00
1.1860e+00 3.4550e+00
1.0860e+00 3.2280e+00
1.1000e+00 3.3170e+00
1.2020e+00 3.7260e+00
1.0310e+00 4.9510e+00
1.0750e+00 3.1510e+00
1.2260e+00 4.4450e+00
1.0070e+00 4.4140e+00
1.0820e+00 3.9420e+00
1.2890e+00 4.5700e+00
1.1620e+00 3.4920e+00
1.0330e+00 3.4540e+00
1.0180e+00 3.3600e+00
1.0990e+00 3.0750e+00
1.4270e+00 4.1600e+00
1.5340e+00 3.2000e+00
1.0690e+00 3.4300e+00
1.0990e+00 3.2560e+00
1.1380e+00 3.3780e+00
1.4950e+00 4.7770e+00
1.3450e+00 3.5220e+00
1.0780e+00 3.4480e+00
1.3700e+00 3.1330e+00
1.2720e+00 3.9400e+00
1.1390e+00 4.6370e+00
1.0910e+00 3.4200e+00
1.1790e+00 3.7920e+00
1.1630e+00 4.1680e+00
1.2580e+00 4.0290e+00
1.1110e+00 3.4890e+00
1.4210e+00 5.1780e+00
1.0780e+00 3.3770e+00
1.0960e+00 3.6040e+00
1.5690e+00 3.2270e+00
1.0790e+00 3.3780e+00
1.1870e+00 3.0200e+00
1.3360e+00 3.0390e+00
1.2670e+00 3.3340e+00
1.1560e+00 4.4120e+00
1.1210e+00 3.3630e+00
1.2060e+00 3.7260e+00
1.5570e+00 3.8100e+00
1.3730e+00 3.0130e+00
1.3810e+00 3.0910e+00
1.1300e+00 3.3770e+00
1.0060e+00 3.5690e+00
1.0570e+00 5.1970e+00
1.4990e+00 3.2050e+00
1.0200e+00 3.4110e+00
1.0190e+00 4.1720e+00
1.0290e+00 4.6370e+00
1.0190e+00 3.7510e+00
1.1370e+00 3.8090e+00
1.2780e+00 3.0220e+00
1.2990e+00 4.6670e+00
1.1300e+00 3.0800e+00
1.1970e+00 4.5890e+00
1.0660e+00 3.2050e+00
1.0360e+00 3.1750e+00
1.2130e+00 3.2520e+00
1.4250e+00 3.2530e+00
1.3110e+00 3.2280e+00
1.0260e+00 4.1690e+00
1.0550e+00 3.3560e+00
1.1060e+00 3.8320e+00
1.1160e+00 3.2560e+00
1.0380e+00 3.2750e+00
1.0330e+00 4.7770e+00
1.1600e+00 4.0640e+00
1.4400e+00 3.9420e+00
1.2340e+00 4.0130e+00
1.2690e+00 5.1780e+00
1.2140e+00 4.1680e+00
1.1250e+00 4.0130e+00
1.3840e+00 4.5420e+00
1.1630e+00 3.0790e+00
1.2050e+00 3.7390e+00
1.2370e+00 3.0700e+00
1.3540e+00 3.2520e+00
1.2990e+00 3.5050e+00
1.5630e+00 3.6230e+00
1.1190e+00 4.1360e+00
1.0500e+00 4.3210e+00
1.2300e+00 3.9580e+00
1.0770e+00 3.3170e+00
1.3460e+00 4.1360e+00
1.3770e+00 3.2310e+00
1.2580e+00 3.4650e+00
1.1910e+00 3.8930e+00
1.0120e+00 4.1640e+00
1.1720e+00 3.0970e+00
1.0370e+00 3.5050e+00
1.5240e+00 3.4770e+00
1.5600e+00 4.7760e+00
1.4560e+00 3.7720e+00
1.1270e+00 3.3200e+00
1.0470e+00 3.8430e+00
1.3380e+00 3.9610e+00
1.0920e+00 3.4240e+00
1.0810e+00 4.8040e+00
1.0880e+00 3.0800e+00
1.6950e+00 3.5190e+00
1.3170e+00 4.7660e+00
1.2310e+00 3.3140e+00
1.7470e+00 4.4700e+00
1.1770e+00 3.1930e+00
1.1540e+00 6.5650e+00
1.1470e+00 3.0280e+00
1.0150e+00 3.2210e+00
1.2550e+00 3.3990e+00
1.0990e+00 4.0290e+00
1.1880e+00 3.1790e+00
1.1540e+00 3.0490e+00
1.2010e+00 3.4250e+00
1.1700e+00 4.8440e+00
1.3490e+00 3.7720e+00
1.1880e+00 3.8430e+00
1.0740e+00 3.4670e+00
1.1330e+00 3.8100e+00
1.0180e+00 3.3780e+00
1.0130e+00 3.0910e+00
1.1270e+00 3.2190e+00
1.1090e+00 3.4000e+00
1.0270e+00 3.6280e+00
1.3490e+00 4.3500e+00
1.1490e+00 3.3270e+00
1.2280e+00 3.6920e+00
1.3340e+00 4.1550e+00
1.1950e+00 4.1480e+00
1.1110e+00 3.3300e+00
1.1420e+00 3.3370e+00
1.1350e+00 3.7270e+00
1.1520e+00 3.3530e+00
