1.7824e-01
1.8693e-01
1.8478e-01
1.8709e-01
1.7801e-01
1.8504e-01
1.7184e-01
1.9180e-01
1.7981e-01
1.7880e-01
1.7615e-01
1.8297e-01
1.9554e-01
1.8578e-01
1.8827e-01
1.8888e-01
1.8346e-01
1.6249e-01
1.7967e-01
1.7496e-01
1.9656e-01
1.7334e-01
1.8570e-01
1.9412e-01
1.8974e-01
2.0066e-01
1.9348e-01
1.8388e-01
1.8644e-01
1.8882e-01
1.8093e-01
1.7779e-01
1.9681e-01
1.7068e-01
1.7232e-01
1.6549e-01
1.8144e-01
1.5970e-01
1.6649e-01
1.8202e-01
1.9106e-01
1.8260e-01
1.9881e-01
1.9046e-01
1.6015e-01
1.8251e-01
1.7127e-01
1.7504e-01
1.7621e-01
1.9347e-01
1.8627e-01
1.8838e-01
1.5967e-01
1.8418e-01
1.8222e-01
1.8229e-01
2.0439e-01
1.7543e-01
1.7099e-01
1.8460e-01
1.7618e-01
1.6327e-01
1.9018e-01
1.9145e-01
1.6357e-01
1.7219e-01
1.9192e-01
1.7505e-01
1.7677e-01
1.7081e-01
1.9966e-01
1.8667e-01
1.7775e-01
1.8540e-01
1.9558e-01
2.0693e-01
1.6624e-01
1.8931e-01
1.6753e-01
1.7243e-01
1.7331e-01
1.8903e-01
1.9208e-01
1.8424e-01
1.6840e-01
2.0290e-01
1.7720e-01
1.7687e-01
1.9329e-01
1.6513e-01
1.8353e-01
1.8701e-01
1.7114e-01
1.7472e-01
1.8690e-01
1.9005e-01
1.8696e-01
1.8601e-01
1.7308e-01
1.9231e-01
1.7769e-01
1.7349e-01
1.7781e-01
1.9428e-01
1.7934e-01
1.8356e-01
1.9555e-01
1.8295e-01
1.8178e-01
1.7391e-01
1.6676e-01
1.9343e-01
2.0236e-01
1.8669e-01
1.8319e-01
1.9607e-01
1.6954e-01
1.6875e-01
1.9512e-01
1.8341e-01
1.7932e-01
1.8434e-01
1.8314e-01
1.9607e-01
1.8661e-01
1.7335e-01
1.9066e-01
1.8014e-01
1.7594e-01
1.6210e-01
1.6974e-01
1.9732e-01
1.8951e-01
2.0097e-01
1.6964e-01
1.7384e-01
1.6525e-01
1.6587e-01
1.6293e-01
1.9843e-01
1.9814e-01
1.8906e-01
1.7015e-01
1.7568e-01
1.6842e-01
1.7314e-01
1.7887e-01
1.7810e-01
1.9293e-01
1.6169e-01
1.7187e-01
1.6432e-01
1.8501e-01
1.9232e-01
1.7736e-01
1.8945e-01
1.9009e-01
1.7202e-01
1.8735e-01
1.8870e-01
1.7515e-01
1.9975e-01
1.7777e-01
1.8995e-01
1.9483e-01
1.6666e-01
1.6965e-01
1.6504e-01
1.7260e-01
1.9190e-01
1.6190e-01
1.7188e-01
1.7608e-01
1.8884e-01
1.7762e-01
1.7928e-01
1.8273e-01
1.8703e-01
1.9178e-01
1.7258e-01
1.6733e-01
1.7353e-01
1.8462e-01
1.7371e-01
1.6841e-01
1.8771e-01
1.8344e-01
1.7767e-01
1.5695e-01
1.8615e-01
1.7721e-01
1.9353e-01
1.7758e-01
1.8892e-01
2.0362e-01
1.9783e-01
2.0001e-01
1.7679e-01
1.8142e-01
2.0058e-01
1.7752e-01
1.8239e-01
1.7594e-01
1.8192e-01
1.9752e-01
1.9686e-01
1.6914e-01
1.7443e-01
1.8682e-01
1.7756e-01
1.8238e-01
1.8109e-01
