1.7824e+00
1.8693e+00
1.8478e+00
1.8709e+00
1.7801e+00
1.8504e+00
1.7184e+00
1.9180e+00
1.7981e+00
1.7880e+00
1.7615e+00
1.8297e+00
1.9554e+00
1.8578e+00
1.8827e+00
1.8888e+00
1.8346e+00
1.6249e+00
1.7967e+00
1.7496e+00
1.9656e+00
1.7334e+00
1.8570e+00
1.9412e+00
1.8974e+00
2.0066e+00
1.9348e+00
1.8388e+00
1.8644e+00
1.8882e+00
1.8093e+00
1.7779e+00
1.9681e+00
1.7068e+00
1.7232e+00
1.6549e+00
1.8144e+00
1.5970e+00
1.6649e+00
1.8202e+00
1.9106e+00
1.8260e+00
1.9881e+00
1.9046e+00
1.6015e+00
1.8251e+00
1.7127e+00
1.7504e+00
1.7621e+00
1.9347e+00
1.8627e+00
1.8838e+00
1.5967e+00
1.8418e+00
1.8222e+00
1.8229e+00
2.0439e+00
1.7543e+00
1.7099e+00
1.8460e+00
1.7618e+00
1.6327e+00
1.9018e+00
1.9145e+00
1.6357e+00
1.7219e+00
1.9192e+00
1.7505e+00
1.7677e+00
1.7081e+00
1.9966e+00
1.8667e+00
1.7775e+00
1.8540e+00
1.9558e+00
2.0693e+00
1.6624e+00
1.8931e+00
1.6753e+00
1.7243e+00
1.7331e+00
1.8903e+00
1.9208e+00
1.8424e+00
1.6840e+00
2.0290e+00
1.7720e+00
1.7687e+00
1.9329e+00
1.6513e+00
1.8353e+00
1.8701e+00
1.7114e+00
1.7472e+00
1.8690e+00
1.9005e+00
1.8696e+00
1.8601e+00
1.7308e+00
1.9231e+00
1.7769e+00
1.7349e+00
1.7781e+00
1.9428e+00
1.7934e+00
1.8356e+00
1.9555e+00
1.8295e+00
1.8178e+00
1.7391e+00
1.6676e+00
1.9343e+00
2.0236e+00
1.8669e+00
1.8319e+00
1.9607e+00
1.6954e+00
1.6875e+00
1.9512e+00
1.8341e+00
1.7932e+00
1.8434e+00
1.8314e+00
1.9607e+00
1.8661e+00
1.7335e+00
1.9066e+00
1.8014e+00
1.7594e+00
1.6210e+00
1.6974e+00
1.9732e+00
1.8951e+00
2.0097e+00
1.6964e+00
1.7384e+00
1.6525e+00
1.6587e+00
1.6293e+00
1.9843e+00
1.9814e+00
1.8906e+00
1.7015e+00
1.7568e+00
1.6842e+00
1.7314e+00
1.7887e+00
1.7810e+00
1.9293e+00
1.6169e+00
1.7187e+00
1.6432e+00
1.8501e+00
1.9232e+00
1.7736e+00
1.8945e+00
1.9009e+00
1.7202e+00
1.8735e+00
1.8870e+00
1.7515e+00
1.9975e+00
1.7777e+00
1.8995e+00
1.9483e+00
1.6666e+00
1.6965e+00
1.6504e+00
1.7260e+00
1.9190e+00
1.6190e+00
1.7188e+00
1.7608e+00
1.8884e+00
1.7762e+00
1.7928e+00
1.8273e+00
1.8703e+00
1.9178e+00
1.7258e+00
1.6733e+00
1.7353e+00
1.8462e+00
1.7371e+00
1.6841e+00
1.8771e+00
1.8344e+00
1.7767e+00
1.5695e+00
1.8615e+00
1.7721e+00
1.9353e+00
1.7758e+00
1.8892e+00
2.0362e+00
1.9783e+00
2.0001e+00
1.7679e+00
1.8142e+00
2.0058e+00
1.7752e+00
1.8239e+00
1.7594e+00
1.8192e+00
1.9752e+00
1.9686e+00
1.6914e+00
1.7443e+00
1.8682e+00
1.7756e+00
1.8238e+00
1.8109e+00
