8.2300e-01 3.2000e+00
9.1100e-01 3.3510e+00
9.2200e-01 3.5370e+00
8.7200e-01 3.0970e+00
8.9800e-01 3.7730e+00
8.7700e-01 3.2210e+00
8.1600e-01 3.5360e+00
9.3900e-01 3.3030e+00
8.1500e-01 3.0670e+00
8.4900e-01 3.3530e+00
8.2000e-01 3.2940e+00
8.6500e-01 3.2430e+00
9.6800e-01 3.3180e+00
9.9900e-01 4.0440e+00
9.4500e-01 3.5090e+00
9.0800e-01 3.2410e+00
9.3300e-01 3.6920e+00
9.5100e-01 6.2450e+00
8.3400e-01 3.2010e+00
9.2300e-01 4.2230e+00
9.7700e-01 3.3290e+00
8.6800e-01 3.8640e+00
8.7000e-01 3.1460e+00
9.5400e-01 3.2940e+00
9.2400e-01 3.3020e+00
9.7300e-01 3.1490e+00
9.4500e-01 3.2670e+00
8.6600e-01 3.2050e+00
8.8800e-01 3.2260e+00
8.9200e-01 3.1450e+00
9.1300e-01 3.6980e+00
8.7200e-01 3.5840e+00
9.8200e-01 3.3480e+00
8.1000e-01 3.5690e+00
8.9800e-01 4.2230e+00
8.2300e-01 4.1350e+00
8.5000e-01 3.2190e+00
8.1800e-01 4.7790e+00
8.3400e-01 4.1480e+00
8.3500e-01 3.0920e+00
9.3900e-01 3.3360e+00
8.6000e-01 3.2280e+00
9.9300e-01 3.3310e+00
9.0700e-01 3.1660e+00
9.3400e-01 6.4660e+00
8.6200e-01 3.2460e+00
8.2000e-01 3.6100e+00
8.1700e-01 3.3370e+00
8.0300e-01 3.1690e+00
9.5700e-01 3.3400e+00
9.4000e-01 3.5810e+00
9.3300e-01 3.4240e+00
8.4700e-01 5.1780e+00
8.8700e-01 3.3290e+00
9.2900e-01 3.7380e+00
9.8000e-01 4.1360e+00
9.8200e-01 3.0700e+00
8.1900e-01 3.3290e+00
8.1000e-01 3.5470e+00
8.7300e-01 3.2160e+00
9.2200e-01 4.1120e+00
8.5700e-01 4.7770e+00
9.0500e-01 3.1660e+00
9.2800e-01 3.2510e+00
9.6700e-01 6.2830e+00
8.2200e-01 3.5610e+00
9.2600e-01 3.2190e+00
8.0100e-01 3.2190e+00
8.0200e-01 3.1320e+00
8.7200e-01 4.1120e+00
9.4300e-01 3.0220e+00
9.2500e-01 3.4570e+00
9.3900e-01 4.1350e+00
9.2700e-01 3.5380e+00
9.6100e-01 3.2750e+00
9.9700e-01 3.0660e+00
8.2000e-01 4.0310e+00
8.9300e-01 3.1300e+00
8.5500e-01 4.2580e+00
8.1700e-01 3.5040e+00
8.7300e-01 3.9100e+00
9.7300e-01 3.6590e+00
9.2500e-01 3.2060e+00
9.1800e-01 3.5390e+00
9.0200e-01 4.6670e+00
9.9500e-01 3.1890e+00
9.4000e-01 4.1880e+00
8.1700e-01 3.2320e+00
9.2800e-01 3.1740e+00
8.2300e-01 4.1720e+00
9.1100e-01 3.5290e+00
9.1400e-01 3.3670e+00
8.0300e-01 3.4790e+00
8.5000e-01 3.6130e+00
8.6000e-01 3.0320e+00
9.6400e-01 3.5450e+00
9.1000e-01 3.3430e+00
9.6200e-01 3.7520e+00
8.8100e-01 4.0000e+00
9.7600e-01 3.5120e+00
8.4300e-01 3.3730e+00
9.7100e-01 4.8440e+00
9.5800e-01 4.2990e+00
9.4400e-01 3.2280e+00
8.2900e-01 3.1840e+00
8.3500e-01 3.0220e+00
9.4900e-01 3.2060e+00
9.8300e-01 4.1130e+00
8.2200e-01 3.0200e+00
8.3700e-01 3.5640e+00
8.7800e-01 4.5890e+00
9.9200e-01 3.5610e+00
9.6500e-01 3.0480e+00
8.9200e-01 3.2400e+00
9.8500e-01 4.1120e+00
9.4800e-01 3.1800e+00
9.0900e-01 4.6140e+00
8.7100e-01 4.2990e+00
9.5200e-01 3.2410e+00
9.0000e-01 3.4580e+00
8.1200e-01 3.0710e+00
9.2700e-01 3.5970e+00
8.5500e-01 3.1690e+00
9.6900e-01 3.3020e+00
8.6700e-01 3.0870e+00
8.0200e-01 3.3270e+00
9.1200e-01 3.1880e+00
8.2700e-01 3.1300e+00
8.8000e-01 3.7720e+00
8.3100e-01 4.6140e+00
8.2000e-01 3.7260e+00
9.6800e-01 3.2460e+00
8.8600e-01 3.0800e+00
9.5700e-01 3.0520e+00
8.9400e-01 4.4450e+00
8.0400e-01 3.3120e+00
8.4800e-01 4.4280e+00
8.8500e-01 4.7770e+00
8.0100e-01 4.1710e+00
9.5000e-01 3.1030e+00
9.7100e-01 3.2310e+00
9.8700e-01 3.7550e+00
8.5700e-01 4.0290e+00
8.4600e-01 3.5180e+00
8.9200e-01 4.5550e+00
8.8300e-01 4.0130e+00
8.7600e-01 3.5470e+00
8.9800e-01 3.7670e+00
8.9900e-01 3.0210e+00
8.1000e-01 4.4150e+00
8.3900e-01 3.7270e+00
8.1500e-01 4.1720e+00
9.0800e-01 3.4280e+00
9.3400e-01 3.2500e+00
8.8300e-01 3.6980e+00
9.4100e-01 3.4240e+00
9.7400e-01 3.6100e+00
8.0700e-01 3.4510e+00
9.1500e-01 3.3570e+00
8.8900e-01 3.1320e+00
9.6800e-01 4.6380e+00
9.4000e-01 3.0030e+00
9.2500e-01 4.0130e+00
9.5000e-01 3.4580e+00
9.5900e-01 3.2940e+00
9.1400e-01 5.0230e+00
8.4500e-01 3.9610e+00
9.8300e-01 6.2450e+00
8.0900e-01 3.4290e+00
9.4200e-01 3.3170e+00
8.2400e-01 4.5550e+00
8.1700e-01 3.5420e+00
8.0600e-01 3.1970e+00
8.7400e-01 3.0360e+00
8.4900e-01 3.4210e+00
8.4700e-01 3.3120e+00
9.9700e-01 4.2450e+00
8.8500e-01 3.1800e+00
9.6200e-01 3.4480e+00
8.1200e-01 3.4540e+00
8.4100e-01 4.1360e+00
8.1200e-01 3.3920e+00
8.9200e-01 3.3400e+00
8.5000e-01 3.6840e+00
8.8400e-01 4.4700e+00
8.7500e-01 3.0890e+00
8.9600e-01 3.4290e+00
8.6800e-01 3.5610e+00
8.4100e-01 5.5760e+00
9.0100e-01 3.3240e+00
9.1200e-01 3.9450e+00
9.4800e-01 3.2830e+00
8.7600e-01 3.6280e+00
9.2600e-01 3.3530e+00
9.8900e-01 3.1320e+00
9.4100e-01 3.0750e+00
9.5100e-01 3.0530e+00
9.1600e-01 4.0110e+00
8.5000e-01 3.2200e+00
9.4900e-01 3.0230e+00
9.5000e-01 4.2510e+00
8.9200e-01 3.4580e+00
9.0100e-01 3.9480e+00
9.7800e-01 4.1470e+00
9.6900e-01 3.2440e+00
9.8300e-01 3.3520e+00
8.8600e-01 4.4140e+00
8.7700e-01 3.8580e+00
9.0400e-01 3.3110e+00
8.0900e-01 3.1390e+00
8.5700e-01 3.2190e+00
8.2500e-01 3.0710e+00
